dim    3
size  16

  1  0  0
  0  1  0
  0  0  1
  0  0  0

  0 -1  0
  1  0  0
  0  0  1
  0  0  0

  0  1  0
 -1  0  0
  0  0  1
  0  0  0

  1  0  0
  0 -1  0
  0  0 -1
  0  0  0

 -1  0  0
  0  1  0
  0  0 -1
  0  0  0

 -1  0  0
  0 -1  0
  0  0  1
  0  0  0

  0  1  0
  1  0  0
  0  0 -1
  0  0  0

  0 -1  0
 -1  0  0
  0  0 -1
  0  0  0

 -1  0  0
  0 -1  0
  0  0 -1
  0  0  0

  0  1  0
 -1  0  0
  0  0 -1
  0  0  0

  0 -1  0
  1  0  0
  0  0 -1
  0  0  0

 -1  0  0
  0  1  0
  0  0  1
  0  0  0

  1  0  0
  0 -1  0
  0  0  1
  0  0  0

  1  0  0
  0  1  0
  0  0 -1
  0  0  0

  0 -1  0
 -1  0  0
  0  0  1
  0  0  0

  0  1  0
  1  0  0
  0  0  1
  0  0  0

