dim    3
size  12

  1  0  0
  0  1  0
  0  0  1
  0  0  0

  1 -1  0
  1  0  0
  0  0  1
  0  0  1/6

  0  1  0
 -1  1  0
  0  0  1
  0  0  5/6

  0 -1  0
  1 -1  0
  0  0  1
  0  0  1/3

 -1  1  0
 -1  0  0
  0  0  1
  0  0  2/3

  1 -1  0
  0 -1  0
  0  0 -1
  0  0  0

 -1  0  0
 -1  1  0
  0  0 -1
  0  0  2/3

 -1  0  0
  0 -1  0
  0  0  1
  0  0  1/2

  0  1  0
  1  0  0
  0  0 -1
  0  0  1/3

  0 -1  0
 -1  0  0
  0  0 -1
  0  0  5/6

 -1  1  0
  0  1  0
  0  0 -1
  0  0  1/2

  1  0  0
  1 -1  0
  0  0 -1
  0  0  1/6

