dim    3
size  18

  1  0  0
  0  1  0
  0  0  1
  0  0  0

  0 -1  0
  1 -1  0
  0  0  1
  0  0  0

 -1  1  0
 -1  0  0
  0  0  1
  0  0  0

 -1  1  0
  0  1  0
  0  0  1
  0  0  1/2

  1  0  0
  1 -1  0
  0  0  1
  0  0  1/2

  0 -1  0
 -1  0  0
  0  0  1
  0  0  1/2

  1  0  0
  0  1  0
  0  0  1
  1/3  2/3  2/3

  0 -1  0
  1 -1  0
  0  0  1
  1/3  2/3  2/3

 -1  1  0
 -1  0  0
  0  0  1
  1/3  2/3  2/3

 -1  1  0
  0  1  0
  0  0  1
  1/3  2/3  7/6

  1  0  0
  1 -1  0
  0  0  1
  1/3  2/3  7/6

  0 -1  0
 -1  0  0
  0  0  1
  1/3  2/3  7/6

  1  0  0
  0  1  0
  0  0  1
  2/3  1/3  1/3

  0 -1  0
  1 -1  0
  0  0  1
  2/3  1/3  1/3

 -1  1  0
 -1  0  0
  0  0  1
  2/3  1/3  1/3

 -1  1  0
  0  1  0
  0  0  1
  2/3  1/3  5/6

  1  0  0
  1 -1  0
  0  0  1
  2/3  1/3  5/6

  0 -1  0
 -1  0  0
  0  0  1
  2/3  1/3  5/6

