              0 -1.3270989e+03 -1.3969895e+03 -6.9890614e+01
              4 -1.3272893e+03 -1.3965838e+03 -6.9294488e+01
              8 -1.3266755e+03 -1.3933664e+03 -6.6690868e+01
             12 -1.3264985e+03 -1.3922853e+03 -6.5786764e+01
             16 -1.3264344e+03 -1.3914358e+03 -6.5001417e+01
             20 -1.3255257e+03 -1.3876392e+03 -6.2113470e+01
             24 -1.3255257e+03 -1.3876392e+03 -6.2113470e+01
             28 -1.3246777e+03 -1.3846353e+03 -5.9957672e+01
             32 -1.3246777e+03 -1.3846353e+03 -5.9957672e+01
             36 -1.3247919e+03 -1.3835323e+03 -5.8740443e+01
             40 -1.3246592e+03 -1.3817013e+03 -5.7042144e+01
             44 -1.3251222e+03 -1.3810057e+03 -5.5883541e+01
