 format  1  0
dim                                     
                   2
crystal_system                          
           hexagonal
N_cell_param                            
                   1
cell_param                              
    1.6908669157E+00
group_name                              
             p_6_m_m
N_monomer                               
                   2
N_star                                  
                  61
  1.400000000000E+01  6.000000000000E+00       0   0     1
 -7.157517966271E+00  5.294313158447E+00       1   0     6
  3.646779975142E-01  1.583164866842E+00       2  -1     6
  1.212862723086E+00  6.748075227346E-01       2   0     6
  9.320293155248E-01 -7.383465502020E-01       3  -1    12
 -1.068182948668E-02 -6.739628039429E-01       3   0     6
 -4.136940693473E-01 -4.523589738954E-01       4  -2     6
 -5.983877772905E-01 -4.881121377015E-01       4  -1    12
 -2.772780028497E-01 -5.588271866682E-02       4   0     6
 -1.030240025292E-01  1.584767539088E-01       5  -2    12
  3.871052371818E-02  2.201669563663E-01       5  -1    12
  1.170569714817E-01  1.397222677778E-01       5   0     6
  1.173792429818E-01  1.052320584628E-01       6  -3     6
  1.564152906818E-01  1.224976597655E-01       6  -2    12
  1.060933266311E-01  4.635930101577E-02       6  -1    12
  9.180796239830E-03 -2.642787136906E-02       6   0     6
 -1.937195674998E-03 -4.649151215990E-02       7  -3    12
 -2.426495594647E-02 -5.665080386155E-02       7  -2    12
 -4.561832466047E-02 -5.539658391657E-02       7  -1    12
 -2.857425792494E-02 -2.303630563509E-02       8  -4     6
 -3.695763538679E-02 -2.727081418582E-02       8  -3    12
 -2.620127913037E-02 -1.941999539004E-02       7   0     6
 -2.477979070922E-02 -1.217325134628E-02       8  -2    12
 -4.989351143533E-03  6.268538847598E-03       8  -1    12
  6.092138388671E-03  1.360184297369E-02       9  -4    12
  9.427490554665E-03  1.490124636067E-02       9  -3    12
  7.454383278961E-03  1.064345287648E-02       8   0     6
  1.240931142983E-02  1.422273638593E-02       9  -2    12
  1.037123391419E-02  8.687698797315E-03       9  -1    12
  6.159902449154E-03  4.542274522217E-03      10  -5     6
  7.820113626502E-03  5.333695900971E-03      10  -4    12
  5.072387925553E-03  2.317131599170E-03      10  -3    12
  2.368131941635E-03  4.573716128330E-04       9   0     6
  9.772982988731E-04 -1.431637740384E-03      10  -2    12
 -2.529355840583E-03 -3.734289761030E-03      11  -5    12
 -2.462897354994E-03 -3.665000066754E-03      10  -1    12
 -2.943229875661E-03 -3.805232472312E-03      11  -4    12
 -3.206064940326E-03 -3.448771106623E-03      11  -3    12
 -2.158506802173E-03 -2.062595783040E-03      10   0     6
 -2.627403919257E-03 -2.241194478706E-03      11  -2    12
 -1.187414959224E-03 -7.862692943581E-04      12  -6     6
 -1.458289955057E-03 -8.715033461868E-04      12  -5    12
 -1.169592220798E-03 -5.404882371335E-04      11  -1    12
 -8.660492541955E-04 -2.544649072181E-04      12  -4    12
 -1.175822506416E-04  4.190722488639E-04      12  -3    12
  1.809132789313E-04  4.323130817558E-04      11   0     6
  4.837476294287E-04  7.534613399745E-04      12  -2    12
  7.890701609995E-04  9.551852891142E-04      13  -6    12
  8.036889184136E-04  9.433342144419E-04      13  -5    12
  6.835137852764E-04  7.227229600574E-04      13  -4    12
  7.521684409655E-04  6.641476675682E-04      12  -1    12
  4.899431026216E-04  3.395113842430E-04      13  -3    12
  3.987566236041E-04  2.708643997745E-04      12   0     3
  2.429172541119E-04  1.469933892676E-04      14  -7     6
  3.876642280821E-04  1.972245964279E-04      13  -2     6
  2.281444996317E-04  1.156266389218E-04      14  -6    12
 -3.925320779616E-05 -1.596815249846E-04      14  -5    12
 -4.319704488091E-05 -1.895464550880E-04      14  -4     6
 -1.856962000111E-04 -1.757936627577E-04      15  -7    12
 -2.683094504793E-04 -2.883883153945E-04      15  -6     6
 -4.357700891928E-05 -7.044691801708E-06      16  -8     2
