nx     101
nm     2
    0   -7.1372976e+00    1.1730309e+01
    1   -7.1312639e+00    1.1714146e+01
    2   -7.1095941e+00    1.1680883e+01
    3   -7.0530885e+00    1.1628619e+01
    4   -6.9829586e+00    1.1554438e+01
    5   -6.9608381e+00    1.1454347e+01
    6   -6.9387915e+00    1.1323176e+01
    7   -6.9193145e+00    1.1154483e+01
    8   -6.9053146e+00    1.0940455e+01
    9   -6.9000561e+00    1.0671830e+01
   10   -6.9070434e+00    1.0337884e+01
   11   -6.9298092e+00    9.9265215e+00
   12   -6.9715607e+00    9.4245513e+00
   13   -7.0346308e+00    8.8182379e+00
   14   -7.1196794e+00    8.0942346e+00
   15   -7.2246086e+00    7.2410088e+00
   16   -7.3432065e+00    6.2508209e+00
   17   -7.4636304e+00    5.1222240e+00
   18   -7.5669933e+00    3.8628656e+00
   19   -7.6265076e+00    2.4921165e+00
   20   -7.6077991e+00    1.0427768e+00
   21   -7.4710342e+00   -4.3906527e-01
   22   -7.1752417e+00   -1.8968317e+00
   23   -6.6846043e+00   -3.2691790e+00
   24   -5.9756351e+00   -4.4979824e+00
   25   -5.0434017e+00   -5.5368929e+00
   26   -3.9047909e+00   -6.3582115e+00
   27   -2.5974937e+00   -6.9561183e+00
   28   -1.1747659e+00   -7.3454594e+00
   29    3.0257503e-01   -7.5567736e+00
   30    1.7746831e+00   -7.6293325e+00
   31    3.1896893e+00   -7.6042168e+00
   32    4.5079808e+00   -7.5089298e+00
   33    5.7035920e+00   -7.4041914e+00
   34    6.7633052e+00   -7.3827892e+00
   35    7.6843742e+00   -7.2699333e+00
   36    8.4717312e+00   -7.1744596e+00
   37    9.1352949e+00   -7.0003392e+00
   38    9.6877169e+00   -6.9481374e+00
   39    1.0142684e+01   -6.9162406e+00
   40    1.0513748e+01   -6.9017955e+00
   41    1.0813603e+01   -6.9013773e+00
   42    1.1053680e+01   -6.9114332e+00
   43    1.1243975e+01   -6.9285593e+00
   44    1.1393018e+01   -6.9496596e+00
   45    1.1507926e+01   -6.9720283e+00
   46    1.1594491e+01   -6.9933845e+00
   47    1.1657284e+01   -7.0118798e+00
   48    1.1699748e+01   -7.0260930e+00
   49    1.1724284e+01   -7.0350194e+00
   50    1.1732307e+01   -7.0380611e+00
   51    1.1724284e+01   -7.0350194e+00
   52    1.1699748e+01   -7.0260930e+00
   53    1.1657284e+01   -7.0118798e+00
   54    1.1594491e+01   -6.9933845e+00
   55    1.1507926e+01   -6.9720283e+00
   56    1.1393018e+01   -6.9496596e+00
   57    1.1243975e+01   -6.9285593e+00
   58    1.1053680e+01   -6.9114332e+00
   59    1.0813603e+01   -6.9013773e+00
   60    1.0513748e+01   -6.9017955e+00
   61    1.0142684e+01   -6.9162406e+00
   62    9.6877169e+00   -6.9481374e+00
   63    9.1352949e+00   -7.0003392e+00
   64    8.4717312e+00   -7.0744596e+00
   65    7.6843742e+00   -7.1699333e+00
   66    6.7633052e+00   -7.2827892e+00
   67    5.7035920e+00   -7.4041914e+00
   68    4.5079808e+00   -7.5189298e+00
   69    3.1896893e+00   -7.6042168e+00
   70    1.7746831e+00   -7.6293325e+00
   71    3.0257503e-01   -7.5567736e+00
   72   -1.1747659e+00   -7.3454594e+00
   73   -2.5974937e+00   -6.9561183e+00
   74   -3.9047909e+00   -6.3582115e+00
   75   -5.0434017e+00   -5.5368929e+00
   76   -5.9756351e+00   -4.4979824e+00
   77   -6.6846043e+00   -3.2691790e+00
   78   -7.1752417e+00   -1.8968317e+00
   79   -7.4710342e+00   -4.3906527e-01
   80   -7.6077991e+00    1.0427768e+00
   81   -7.6265076e+00    2.4921165e+00
   82   -7.5669933e+00    3.8628656e+00
   83   -7.4636304e+00    5.1222240e+00
   84   -7.3432065e+00    6.2508209e+00
   85   -7.2246086e+00    7.2410088e+00
   86   -7.1196794e+00    8.0942346e+00
   87   -7.0346308e+00    8.8182379e+00
   88   -6.9715607e+00    9.4245513e+00
   89   -6.9298092e+00    9.9265215e+00
   90   -6.9070434e+00    1.0337884e+01
   91   -6.9000561e+00    1.0671830e+01
   92   -6.9053146e+00    1.0940455e+01
   93   -6.9193145e+00    1.1154483e+01
   94   -6.9387915e+00    1.1323176e+01
   95   -6.9608381e+00    1.1454347e+01
   96   -6.9829586e+00    1.1554438e+01
   97   -7.0030885e+00    1.1628619e+01
   98   -7.0195941e+00    1.1680883e+01
   99   -7.0312639e+00    1.1714146e+01
  100   -7.0372976e+00    1.1730309e+01
